"TagID" "Week" "RKM"
"1" 15 1 4000
"2" 15 1 5317.8
"3" 15 1 5317.8
"4" 15 1 5317.8
"5" 15 1 5317.8
"6" 15 2 5317.8
"7" 15 3 6318.7
"8" 15 3 6318.7
"9" 15 5 18835.1
"10" 15 7 24973.9
"11" 15 9 28044
"12" 15 10 28044
"13" 15 12 28044
"14" 15 14 28044
"15" 25 1 4000
"16" 25 1 5317.8
"17" 25 1 5317.8
"18" 25 1 6318.7
"19" 25 1 6318.7
"20" 25 2 6318.7
"21" 25 3 6318.7
"22" 25 5 9455.1
"23" 25 7 17823.2
"24" 25 9 15669.4
"25" 25 10 17823.2
"26" 25 12 28044
"27" 25 14 29117
"28" 25 15 29117
"29" 25 16 29117
"30" 25 16 29117
"31" 25 17 28044
"32" 35 1 4000
"33" 35 1 5317.8
"34" 35 1 6318.7
"35" 35 1 5317.8
"36" 35 1 5317.8
"37" 35 2 6318.7
"38" 35 3 7326.9
"39" 35 3 7326.9
"40" 35 5 23969.7
"41" 35 7 21908.2
"42" 35 9 28044
"43" 35 10 28044
"44" 35 12 28044
"45" 35 14 34666
"46" 35 15 35666
"47" 35 16 36666
"48" 35 16 28044
"49" 54 1 4000
"50" 54 1 6318.7
"51" 54 1 7326.9
"52" 54 1 7326.9
"53" 54 1 8375.1
"54" 54 2 8375.1
"55" 54 3 12631.7
"56" 54 3 13661.5
"57" 54 5 11624.3
"58" 54 7 15669.4
"59" 54 9 28044
"60" 54 10 28044
"61" 54 12 28044
"62" 54 14 28044
"63" 54 15 29117
"64" 54 16 30157.4
"65" 74 1 4000
"66" 74 1 5317.8
"67" 74 1 5317.8
"68" 74 1 5317.8
"69" 74 1 7326.9
"70" 74 2 7326.9
"71" 74 3 11624.3
"72" 74 3 10593.9
"73" 74 5 10593.9
"74" 74 7 10593.9
"75" 74 9 10593.9
"76" 95 1 4000
"77" 95 1 5317.8
"78" 95 1 5317.8
"79" 95 1 5317.8
"80" 95 2 5317.8
"81" 95 3 6318.7
"82" 95 3 7326.9
"83" 95 5 19858.4
"84" 95 7 30157.4
"85" 95 9 32201.5
"86" 95 10 29117
"87" 95 12 30157.4
"88" 95 12 30157.4
"89" 95 14 29117
"90" 95 15 29117
"91" 95 16 29117
"92" 115 1 4000
"93" 115 1 5317.8
"94" 115 1 5317.8
"95" 115 1 5317.8
"96" 115 1 5317.8
"97" 115 2 5317.8
"98" 115 3 6318.7
"99" 115 3 7326.9
"100" 115 5 21908.2
"101" 115 7 22912.9
"102" 115 9 31186.5
"103" 115 10 35666
"104" 115 12 36666
"105" 115 12 36666
"106" 115 14 37666
"107" 115 15 37666
"108" 115 16 37666
"109" 115 16 37666
"110" 135 1 4000
"111" 135 1 6318.7
"112" 135 1 7326.9
"113" 135 1 7326.9
"114" 135 1 7326.9
"115" 135 2 7326.9
"116" 135 3 7326.9
"117" 135 3 7326.9
"118" 135 5 21908.2
"119" 135 7 25978
"120" 135 9 30157.4
"121" 135 12 36323.1
"122" 135 12 36323.1
"123" 154 1 4000
"124" 154 1 5317.8
"125" 154 1 5317.8
"126" 154 1 5317.8
"127" 154 1 5317.8
"128" 154 1 5317.8
"129" 154 2 5317.8
"130" 174 1 4000
"131" 174 1 5317.8
"132" 174 1 5317.8
"133" 174 1 5317.8
"134" 174 1 5317.8
"135" 174 1 5317.8
"136" 174 2 6318.7
"137" 174 3 12631.7
"138" 174 3 13661.5
"139" 174 5 18835.1
"140" 174 7 28044
"141" 174 10 28044
"142" 174 12 35666
"143" 174 12 35666
"144" 174 14 36666
"145" 174 15 36666
"146" 174 16 35666
"147" 195 1 4000
"148" 195 1 6318.7
"149" 195 1 6318.7
"150" 195 1 6318.7
"151" 195 1 7326.9
"152" 195 2 7326.9
"153" 195 3 10593.9
"154" 195 3 11624.3
"155" 195 5 10593.9
"156" 195 7 7326.9
"157" 195 9 7326.9
"158" 195 10 18835.1
"159" 195 12 19858.4
"160" 195 14 24973.9
"161" 195 16 24973.9
"162" 214 1 4000
"163" 214 1 6318.7
"164" 214 1 7326.9
"165" 214 1 8375.1
"166" 214 1 9455.1
"167" 214 2 11624.3
"168" 214 3 17823.2
"169" 214 3 14665.2
"170" 214 5 24973.9
"171" 214 7 28044
"172" 214 9 34307.1
"173" 214 12 36323.1
"174" 234 1 4000
"175" 234 1 5317.8
"176" 234 1 5317.8
"177" 234 1 5317.8
"178" 234 1 7326.9
"179" 234 2 8375.1
"180" 234 3 14665.2
"181" 234 5 24973.9
"182" 234 7 33666
"183" 234 9 36666
"184" 234 10 34666
"185" 254 1 4000
"186" 254 1 5317.8
"187" 254 1 5317.8
"188" 254 1 5317.8
"189" 254 2 6318.7
"190" 254 3 10593.9
"191" 254 3 11624.3
"192" 254 5 11624.3
"193" 254 7 23969.7
"194" 254 9 37666
"195" 254 10 38935
"196" 254 12 38935
"197" 254 12 38935
"198" 254 14 38935
"199" 254 15 38935
"200" 254 16 38935
"201" 254 16 37666
"202" 254 17 37666
"203" 275 1 4000
"204" 275 1 5317.8
"205" 275 1 5317.8
"206" 275 1 5317.8
"207" 275 1 5317.8
"208" 275 1 5317.8
"209" 275 2 7326.9
"210" 275 3 7326.9
"211" 275 3 10593.9
"212" 275 5 21908.2
"213" 275 7 20888.6
"214" 275 9 19858.4
"215" 275 10 18835.1
"216" 275 12 19858.4
"217" 275 16 18835.1
"218" 275 17 18835.1
"219" 294 1 4000
"220" 294 1 5317.8
"221" 294 1 5317.8
"222" 294 2 5317.8
"223" 294 3 6318.7
"224" 294 3 6318.7
"225" 294 5 13661.5
"226" 294 7 16804.6
"227" 294 9 11624.3
"228" 294 10 15669.4
"229" 294 12 28044
"230" 294 15 29117
"231" 294 16 28044
"232" 294 16 28044
"233" 294 17 28044
"234" 315 1 4000
"235" 315 1 5317.8
"236" 315 1 5317.8
"237" 315 1 5317.8
"238" 315 1 5317.8
"239" 315 1 5317.8
"240" 315 2 5317.8
"241" 315 3 6318.7
"242" 315 3 7326.9
"243" 315 5 14665.2
"244" 315 7 25978
"245" 315 9 28044
"246" 315 10 25978
"247" 315 12 25978
"248" 315 16 11624.3
"249" 315 17 12631.7
"250" 335 1 4000
"251" 335 1 5317.8
"252" 335 1 5317.8
"253" 335 1 5317.8
"254" 335 1 5317.8
"255" 335 2 5317.8
"256" 335 3 12631.7
"257" 335 3 14665.2
"258" 335 5 23969.7
"259" 335 7 24973.9
"260" 335 9 32201.5
"261" 335 9 37666
"262" 335 12 37666
"263" 335 12 38935
"264" 335 14 38935
"265" 335 15 38935
"266" 335 16 38935
"267" 355 1 4000
"268" 355 1 5317.8
"269" 355 1 5317.8
"270" 355 1 6318.7
"271" 355 1 6318.7
"272" 355 2 6318.7
"273" 355 3 11624.3
"274" 355 3 13661.5
"275" 355 5 22912.9
"276" 355 7 24973.9
"277" 355 9 15669.4
"278" 355 10 17823.2
"279" 355 12 29117
"280" 355 12 30157.4
"281" 355 14 36666
"282" 355 15 36666
"283" 355 16 36666
"284" 355 16 36666
"285" 355 17 37666
"286" 355 18 37666
"287" 375 1 4000
"288" 375 1 6318.7
"289" 375 1 6318.7
"290" 375 1 7326.9
"291" 375 2 7326.9
"292" 375 3 12631.7
"293" 375 3 13661.5
"294" 375 5 20888.6
"295" 375 7 25978
"296" 375 9 22912.9
"297" 375 12 37666
"298" 375 12 38935
"299" 375 14 40751.5
"300" 375 15 40018.3
"301" 375 16 38935
"302" 375 16 37666
"303" 375 17 37666
"304" 394 1 4000
"305" 394 1 6318.7
"306" 394 1 6318.7
"307" 394 1 7326.9
"308" 394 1 8375.1
"309" 394 2 8375.1
"310" 394 3 10593.9
"311" 394 3 10593.9
"312" 394 5 10593.9
"313" 394 7 10593.9
"314" 394 10 10593.9
"315" 394 12 10593.9
"316" 414 1 4000
"317" 414 1 7326.9
"318" 414 1 7326.9
"319" 414 1 7326.9
"320" 414 2 8375.1
"321" 414 3 10593.9
"322" 414 3 11624.3
"323" 414 5 11624.3
"324" 414 7 11624.3
"325" 414 9 11624.3
"326" 414 10 15669.4
"327" 414 12 17823.2
"328" 414 16 17823.2
"329" 414 17 17823.2
"330" 434 1 4000
"331" 434 1 6318.7
"332" 434 1 6318.7
"333" 434 1 6318.7
"334" 434 2 7326.9
"335" 434 3 7326.9
"336" 434 3 8375.1
"337" 434 5 17823.2
"338" 434 7 29117
"339" 434 9 32201.5
"340" 434 10 33666
"341" 455 1 4000
"342" 455 1 5317.8
"343" 455 1 5317.8
"344" 455 1 5317.8
"345" 455 2 6318.7
"346" 455 3 8375.1
"347" 455 3 8375.1
"348" 455 5 11624.3
"349" 455 7 11624.3
"350" 455 9 17823.2
"351" 455 10 20888.6
"352" 455 12 27015.3
"353" 455 14 28044
"354" 455 15 29117
"355" 455 16 29117
"356" 474 1 4000
"357" 474 3 10593.9
"358" 474 3 7326.9
"359" 474 5 10593.9
"360" 474 7 11624.3
"361" 474 9 17823.2
"362" 474 10 20888.6
"363" 474 12 28044
"364" 474 14 25978
"365" 495 1 4000
"366" 495 3 10593.9
"367" 495 3 7326.9
"368" 495 5 10593.9
"369" 495 7 16804.6
"370" 495 9 15669.4
"371" 495 10 15669.4
"372" 495 12 16804.6
"373" 495 16 28044
"374" 495 16 28044
"375" 495 17 27015.3
"376" 515 1 4000
"377" 515 1 6318.7
"378" 515 1 6318.7
"379" 515 1 5317.8
"380" 515 2 5317.8
"381" 515 3 7326.9
"382" 515 3 7326.9
"383" 515 5 14665.2
"384" 515 7 17823.2
"385" 515 9 29117
"386" 515 10 33248.6
"387" 515 12 32201.5
"388" 515 12 33248.6
"389" 515 14 35317.3
"390" 515 15 34307.1
"391" 515 16 32201.5
"392" 515 16 32201.5
"393" 515 17 29117
"394" 515 18 29117
"395" 534 1 4000
"396" 534 3 6318.7
"397" 534 3 7326.9
"398" 534 5 10593.9
"399" 534 7 12631.7
"400" 534 9 16804.6
"401" 534 10 15669.4
"402" 534 12 17823.2
"403" 534 17 20888.6
"404" 534 17 21908.2
"405" 534 18 20888.6
"406" 554 1 4000
"407" 554 3 6318.7
"408" 554 3 7326.9
"409" 554 5 11624.3
"410" 554 7 11624.3
"411" 554 9 11624.3
"412" 554 10 15669.4
"413" 554 12 29117
"414" 575 1 4000
"415" 575 1 5317.8
"416" 575 1 5317.8
"417" 575 3 10593.9
"418" 575 3 8375.1
"419" 575 5 10593.9
"420" 575 7 20888.6
"421" 575 9 28044
"422" 575 10 32666
"423" 575 10 32666
"424" 575 12 29117
"425" 575 12 29117
"426" 575 14 35666
"427" 575 15 37666
"428" 575 16 37666
